01011001 01101111 01110101 00100000 01100001 
01110010 01100101 00100000 01110100 01101000 
01100101 00100000 01000010 01100101 01110011 
01110100 00100000 01010000 01100001 01110110 
01101001 01110100 01100001 00100000 00111010 
01000100 00101100 0001010 0001010 01000100 
01101001 01100100 00100000 01001001 
00100000 01100111 01101111 00100000 01101111 
01110110 01100101 01110010 01100010 01101111 
01100001 01110010 01100100 00111111 00100000 
01100001 01101000 01100001 01101000 01100001
01101000 01100001 0001010 01001000 01101111 
01110000 01100101 00100000 01111001 01101111 
01110101 00100000 01101100 01101001 01101011 
01100101 01100100 00100000 01101001 01110100 
00100000 01110100 01101000 01101111 00100000 
00111010 00101001 0001010 0001010 0001010 01101000 
01110100 01110100 01110000 01110011 00111010 00101111 
00101111 01110111 01110111 01110111 00101110 01111001
01101111 01110101 01110100 01110101 01100010 01100101 
00101110 01100011 01101111 01101101 00101111 01110111 
01100001 01110100 01100011 01101000 00111111 01110110 
00111101 01000011 01010100 01001010 01100111 01101110 
00110110 00110001 00110101 01101100 01000010 01010101
